COD,HA
1,11.16
2,5.81
3,64.47
4,1.72
5,8.120000000000001
6,26.38
7,1.95
8,6.15
9,7.48
10,100.03
11,21.23
12,17.48
13,1.34
14,19.89
15,245.04
16,26.29
17,3.23
18,6.02
19,13.06
20,129.5
21,18.41
22,217.5
23,21.53
24,6.44
25,3.57
26,28.67
27,1.8900000000000001
28,4.609999999999999
29,8.73
30,40.4
31,5.25
32,2.59
33,3.19
34,1.09
35,1.34
36,16.6
37,3.81
38,578.16
39,43.22
40,2.54
41,1.8399999999999999
42,3.13
43,3.66
44,25.03
45,5.87
46,1.01
47,59.16
48,11.84
49,1.01
50,1.01
51,15.29
52,2.75
53,4.65
54,6.62
55,6.91
56,4.6
57,26.86
58,2.48
59,1.01
60,218.31
61,24.22
62,19.05
63,25.5
64,6.4
65,22.17
66,1.01
67,30.62
68,1.01
69,1.01
70,4.95
71,6.7
72,21.54
73,11.28
74,1.01
75,4.43
76,1.03
77,16.29
78,1.01
79,5.68
80,14.42
81,5.92
82,5.21
83,17.55
84,36.63
85,3.79
86,3.61
87,4.65
88,6.57
89,22.16
90,8.74
91,9.71
92,1.01
93,602.77
94,40.27
95,4.140000000000001
96,8.2
97,2024.08
98,6.2
99,4.23
100,3.61
101,1.01
102,8.02
103,1.01
104,8.440000000000001
105,6.58
106,14.21
107,3.16
108,22.24
109,3.61
110,11.01
111,5.05
112,8.809999999999999
113,1.02
114,1.63
115,799.23
116,1.34
117,4.0600000000000005
118,30.04
119,12.72
120,9.98
121,9.62
122,1.03
123,1.71
124,12.66
125,269.36
126,6.57
127,1.21
128,1.1
129,1.18
130,11.78
131,12.95
132,1.01
133,50.74
134,30.07
135,1.03
136,2.88
137,1.33
138,6.15
139,1.22
140,39.89
141,1.08
142,1.3900000000000001
143,1.02
144,1.16
145,15.82
146,2.21
147,4.42
148,4.7
149,6.85
150,5.04
151,481.46
152,1.72
153,2.1799999999999997
154,24.45
155,7.57
156,5.23
157,6.77
158,2.44
159,3.3
160,9.46
161,5.77
162,6.6
163,18.22
164,1.03
165,29.37
166,1.07
167,13.02
168,1.37
169,1.04
170,1.07
171,16.4
172,4.42
173,2.98
174,8.190000000000001
175,21.13
176,5.13
177,38.33
178,9.2
179,1.01
180,1.04
181,1.22
182,71.39
183,1.02
184,13.18
185,5.78
186,2.71
187,1.02
188,21.71
189,4.15
190,66.61
191,6.84
192,4.24
193,2.45
194,2.71
195,2.8899999999999997
196,5.14
197,130.52
198,143.7
199,22.74
200,4.779999999999999
201,4.42
202,5370.66
203,3.17
204,13.54
205,2.8
206,6.3
207,1.02
208,4.77
209,7.29
210,63.71
211,1.13
212,14.87
213,7.92
214,3.42
215,1.02
216,9.29
217,42.44
218,6.4
219,82.09
220,2.88
221,7.76
222,12.69
223,9.41
224,13.79
225,4.35
226,13.51
227,11.98
228,10.81
229,4.75
230,8.469999999999999
231,13.16
232,8.46
233,18.19
234,1.04
235,2.17
236,141.54
237,9.36
238,29.96
239,4.51
240,3.15
241,19.89
242,2.98
243,22.61
244,6.32
245,5.41
246,3.43
247,8.379999999999999
248,21.53
249,18.53
250,9.89
251,14.4
252,4.6899999999999995
253,4.59
254,31.31
255,9.99
256,4.43
257,8.91
258,7.3
259,5.36
260,3.96
261,8.65
262,4.6
263,5.13
264,8.85
265,5.14
266,8.45
267,2.44
268,12.98
269,16.67
270,11.17
271,10.98
272,4.42
273,8.46
274,4.32
275,16.740000000000002
276,1.01
277,1.02
278,1.01
279,13.33
280,1.01
281,2.9699999999999998
282,1.03
283,1.03
284,1.01
285,6.3
286,5.24
287,34.14
288,1.01
289,4.23
290,5.95
291,1.01
292,8.17
293,60.78
294,237.14
295,1.72
296,6.76
297,12.61
298,6.21
299,2.71
300,2.5300000000000002
301,1.09
302,1.01
303,2.17
304,29.22
305,4.96
306,3.16
307,4.779999999999999
308,12.94
309,1.44
310,11.35
311,1.99
312,13.97
313,3.87
314,6.12
315,6.84
316,108.4
317,10.52
318,2.34
319,16.39
320,4.59
321,1.11
322,4.68
323,1.06
324,2.5300000000000002
325,9.92
326,41.32
327,6.57
328,35.82
329,4.24
330,2.26
331,5.61
332,59.51
333,3.16
334,11.55
335,9.89
336,2.98
337,5.76
338,21.4
339,6.39
340,4.59
341,66.26
342,38.04
343,3.8
344,27.03
345,13.39
346,13.23
347,4.32
348,4.42
349,6.22
350,3.15
351,10.8
352,2.65
353,36.61
354,15.01
355,2.3
356,2.98
357,13.87
358,1.99
359,7.38
360,14.39
361,28.08
362,5.22
363,2.71
364,1.29
365,3.33
366,3.43
367,3.7
368,32.75
369,1.72
370,14.84
371,242.57
372,15.93
373,7.66
374,6.93
375,340.65
376,14.31
377,3.52
378,4.4399999999999995
379,19.44
380,6.01
381,6.04
382,22.86
383,5.04
384,2.7199999999999998
385,59.85
386,74.51
387,7.02
388,22.03
389,3.33
390,7.76
391,13.39
392,19.45
393,33.54
394,16.990000000000002
395,1580.63
396,26.28
397,46.61
398,2.62
399,35.84
400,41.87
401,6.3
402,2.09
403,1386.49
404,3.79
405,1.54
406,6.68
407,9.9
408,7.02
409,52.87
410,8.55
411,3.7
412,75.09
413,12.25
414,809.24
415,6.03
416,5.67
417,10.53
418,3.97
419,3.35
420,39.95
421,16.03
422,74.95
423,14.48
424,4.87
425,20.33
426,3.15
427,24.99
428,3.62
429,1.01
430,90.51
431,1.01
432,97.55
433,4.42
434,19.33
435,1.01
436,1.04
437,37.25
438,10.25
439,2.71
440,62.09
441,2.62
442,3.07
443,7.84
444,5.67
445,107.13
446,19.09
447,4.51
448,7.83
449,190.13
450,52.65
451,3.32
452,4.42
453,11.43
454,3.7
455,10.35
456,5.94
457,8.57
458,16.65
459,9.1
460,2.44
461,23.28
462,2.8899999999999997
463,6.67
464,14.22
465,22.4
466,228.55
467,4.33
468,3.79
469,11.06
470,11.61
471,1.01
472,1.21
473,1.02
474,5.14
475,4.96
476,3.51
477,4.24
478,11.52
479,9.91
480,9.91
481,155.07
482,2.25
483,12.14
484,3.15
485,335.81
486,5.32
487,4161.46
488,29.73
489,44.22
490,82.62
491,3.87
492,6.31
493,4.59
494,5.68
495,8.27
496,25.46
497,4.96
498,5.94
499,8.2
500,24.81
501,12.79
502,6.93
503,7.83
504,83.92
505,13.13
506,1.54
507,7.56
508,51.98
509,50.67
510,2.8
511,64.62
512,7.19
513,2.98
514,3.16
515,6.49
516,4.95
517,4.87
518,9.71
519,4.859999999999999
520,16.189999999999998
521,7.48
522,1.9
523,1.63
524,4.6899999999999995
525,3.97
526,7.39
527,7.83
528,5.15
529,590.61
530,917.79
531,1.8900000000000001
532,15.74
533,138.0
534,2.8899999999999997
535,205.51
536,4.68
537,11.9
538,44.99
539,19.63
540,8.190000000000001
541,3.96
542,7.12
543,7.21
544,226.31
545,2.98
546,23.41
547,6.67
548,4.51
549,16.64
550,51.74
551,22.41
552,14.04
553,2.98
554,8.82
555,1.01
556,1.45
557,5.76
558,1.25
559,2.1399999999999997
560,9.17
561,18.08
562,49947.36
563,8.190000000000001
564,26.68
565,23.92
566,7.47
567,71.93
568,91.35
569,7.29
570,331.34
571,9.01
572,31.05
573,6.55
574,4.23
575,7.64
576,6.75
577,16.369999999999997
578,7.65
579,25.72
580,29.4
581,62.94
582,10.35
583,10.09
584,13.12
585,5.85
586,18.43
587,5.5
588,26.64
589,13.12
590,3.79
591,9.9
592,3.05
593,8.83
594,1.99
595,5.67
596,4.33
597,67.27
598,130.58
599,42.78
600,8.370000000000001
601,5.59
602,1.99
603,4.5
604,13.86
605,4.95
606,7.29
607,11.14
608,4.07
609,5.04
610,2.35
611,6.49
612,4.140000000000001
613,9.18
614,66.39
615,13.49
616,8.99
617,2.7
618,8.74
619,2.79
620,10.53
621,14.12
622,1.01
623,33.87
624,2.98
625,5.5
626,2.08
627,4.41
628,166.73
629,15.2
630,2.16
631,17.26
632,56.72
633,16.560000000000002
634,4.77
635,162.21
636,23.47
637,23.41
638,5.4
639,14.94
640,25.89
641,12.32
642,15.03
643,8.559999999999999
644,13.15
645,34.33
646,8.29
647,22.58
648,2.71
649,3.79
650,21.52
651,3.07
652,2.99
653,4.33
654,1.81
655,31.87
656,5.58
657,134.07
658,33.05
659,5.05
660,4.24
661,1.9
662,30.33
663,7.85
664,525.99
665,8.559999999999999
666,79.88
667,6.03
668,5.21
669,2.9299999999999997
670,16.82
671,2.45
672,1.81
673,9.73
674,7.66
675,1.01
676,1.54
677,229.24
678,5.51
679,39.74
680,71.72
681,30.32
682,10.28
683,6.39
684,14.48
685,6.39
686,20.99
687,31.11
688,5.58
689,6.85
690,2.26
691,14.13
692,22.4
693,10.53
694,8.11
695,11.53
696,10.54
697,5.86
698,12.33
699,5.84
700,20.7
701,36.94
702,4.25
703,4.42
704,21.52
705,24.41
706,5.76
707,1.01
708,1.96
709,6.76
710,3.25
711,12.44
712,2.8899999999999997
713,43.79
714,6.04
715,5.22
716,4.05
717,7.47
718,15.0
719,4.779999999999999
720,4.42
721,18.44
722,1.01
723,1.01
724,10.89
725,1.01
726,6.66
727,4.42
728,1.01
729,6.03
730,45.66
731,71.95
732,5.49
733,4.0600000000000005
734,4.779999999999999
735,9.63
736,9.18
737,3.07
738,15.55
739,3.52
740,4.0600000000000005
741,8.190000000000001
742,5.85
743,14.04
744,8.77
745,6.93
746,4.5
747,9.35
748,456.47
749,15.01
750,6.49
751,2.9699999999999998
752,14.13
753,89.99
754,6.04
755,38.23
756,3.47
757,2.98
758,30.46
759,20.69
760,15.29
761,6.57
762,13.31
763,5.24
764,15.29
765,1.24
766,17.47
767,7.1
768,9.0
769,63.85
770,7.2
771,4.24
772,25.62
773,4.87
774,3.52
775,10.81
776,4.59
777,21.68
778,51.84
779,9.45
780,11.88
781,4.6899999999999995
782,9.73
783,5.85
784,2.98
785,8.469999999999999
786,4.59
787,31.41
788,3.24
789,56.98
790,7.21
791,8.09
792,3.16
793,20.41
794,95.12
795,4.49
796,11.79
797,33.07
798,6.67
799,3.25
800,7.43
801,7.12
802,4.779999999999999
803,14.2
804,15.02
805,24.09
806,3.96
807,5.14
808,41.66
809,2.71
810,26.42
811,17.27
812,1.9
813,15.2
814,9.56
815,6.13
816,42.78
817,1.38
818,276.54
819,11.14
820,4.74
821,5.38
822,4.859999999999999
823,8.370000000000001
824,2.62
825,40.76
826,3.07
827,1.97
828,18.53
829,44.22
830,5.41
831,1.6400000000000001
832,7.29
833,1.42
834,15.19
835,14.48
836,4.59
837,30.74
838,3.25
839,89.78
840,8.64
841,11468.44
842,5.4
843,232.29
844,3.24
845,2.44
846,2.25
847,12.21
848,13.85
849,1.62
850,5.4
851,8.559999999999999
852,7.66
853,2.88
854,6.87
855,11.15
856,3.7
857,9.26
858,7.89
859,2.71
860,8.49
861,10.26
862,10.8
863,4.15
864,9.0
865,4.93
866,12.42
867,1.42
868,43.78
869,16.02
870,6.39
871,3.16
872,8.01
873,5.77
874,1.01
875,7.58
876,11.43
877,38.92
878,5.76
879,9.09
880,6.48
881,16.27
882,32.18
883,10.1
884,19.24
885,2.45
886,9.56
887,5.77
888,19.69
889,6.31
890,5.04
891,5.76
892,1.02
893,14.67
894,59.12
895,44.59
896,2.94
897,24.31
898,8.29
899,4.24
900,14.17
901,19.22
902,4.04
903,27.24
904,37.2
905,9.36
906,48.81
907,1.04
908,2.62
909,3.16
910,4.41
911,12.32
912,39.37
913,39.12
914,4.23
915,7.21
916,13.77
917,1.01
918,1.01
919,3.34
920,3.88
921,82.54
922,1.01
923,14.2
924,29.76
925,1.08
926,3.78
927,1.62
928,71.34
929,154.97
930,2.88
931,58.62
932,23.38
933,58.67
934,6.3
935,1.06
936,17.35
937,6.14
938,7.1
939,275.39
940,42.51
941,9.27
942,10.27
943,5.07
944,19.79
945,6.03
946,25.91
947,4.09
948,13.6
949,43.69
950,10.89
951,7.92
952,42.52
953,4.33
954,2.1399999999999997
955,7.18
956,2.8
957,7.02
958,20.94
959,2.5700000000000003
960,18.59
961,13.31
962,1003.54
963,1.72
964,8.64
965,5.14
966,12.95
967,12.34
968,2.17
969,14.91
970,11.06
971,8.65
972,15.91
973,1.03
974,15.37
975,1.97
976,15.23
977,2.83
978,1.11
979,56.63
980,26.26
981,6.79
982,9.83
983,25.73
984,21.87
985,13.96
986,30.62
987,17.73
988,22.92
989,2.4299999999999997
990,2.8899999999999997
991,24.12
992,5.03
993,12.69
994,48.52
995,4.779999999999999
996,4.8100000000000005
997,22.28
998,30.59
999,32.89
1000,29.73
1001,10.81
1002,36.95
1003,8.29
1004,59.0
1005,9.37
1006,23.93
1007,8.370000000000001
1008,12.97
1009,6.57
1010,22.76
1011,31.22
1012,16.68
1013,19.08
1014,3.79
1015,6.22
1016,20.58
1017,10.62
1018,14.21
1019,71.52
1020,2.4299999999999997
1021,1.54
1022,12.96
1023,9.64
1024,36.61
1025,7.19
1026,4.9399999999999995
1027,3.78
1028,1.01
1029,19.6
1030,4.34
1031,4.96
1032,12.59
1033,4.32
1034,5.17
1035,14.95
1036,7.93
1037,8.55
1038,4.859999999999999
1039,33.19
1040,5.95
1041,1.5
1042,14.2
1043,4.779999999999999
1044,9.3
1045,1.6600000000000001
1046,7.92
1047,10.44
1048,3.53
1049,10.34
1050,22.94
1051,1.3599999999999999
1052,6.24
1053,9.81
1054,24.53
1055,74.34
1056,8.1
1057,8.559999999999999
1058,16.35
1059,9.45
1060,10.97
1061,13.21
1062,19.42
1063,2.05
1064,4.5
1065,35.11
1066,17.28
1067,6.76
1068,7.08
1069,3.96
1070,7.29
1071,5.84
1072,6.5
1073,7.48
1074,20.41
1075,5.31
1076,3.24
1077,3.97
1078,45.4
1079,6.84
1080,6.96
1081,3.6
1082,20.32
1083,6.93
1084,57.84
1085,9.9
1086,8.73
1087,9.05
1088,221.67
1089,4.24
1090,20.58
1091,7.83
1092,6.39
1093,17.89
1094,17.37
1095,3.16
1096,22.67
1097,6.19
1098,5.58
1099,19.24
1100,7.3
1101,75.06
1102,3.33
1103,15.72
1104,18.82
1105,4.96
1106,24.34
1107,13.33
1108,65.88
1109,2.9699999999999998
1110,4.41
1111,13.76
1112,29.86
1113,6.93
1114,104.54
1115,40.29
1116,20.04
1117,33.93
1118,7.83
1119,7.56
1120,9.39
1121,2.8
1122,12.33
1123,12.17
1124,5.4
1125,7.66
1126,32.11
1127,4.45
1128,1.8900000000000001
1129,46.24
1130,6.3
1131,14.78
1132,11.86
1133,8.379999999999999
1134,2.7199999999999998
1135,1.09
1136,7.87
1137,1.05
1138,11.86
1139,5.31
1140,3.85
1141,16.28
1142,4.96
1143,1.03
1144,10.98
1145,64.07
1146,22.39
1147,9.09
1148,1.06
1149,4.9399999999999995
1150,1.01
1151,1.06
1152,137.91
1153,406.1
1154,2.98
1155,9.21
1156,1.02
1157,1.03
1158,1.44
1159,24.62
1160,1.6400000000000001
1161,20.54
1162,1.12
1163,18.49
1164,5.78
1165,1.21
1166,1.03
1167,1.03
1168,1.1400000000000001
1169,7.29
1170,15.62
1171,2.4299999999999997
1172,3.15
1173,1.02
1174,1.27
1175,1.52
1176,748.13
1177,30.96
1178,4.109999999999999
1179,8.2
1180,4.83
1181,5.24
1182,11.44
1183,7.55
1184,1.01
1185,56.13
1186,14.49
1187,5.37
1188,9.58
1189,55.84
1190,1.8
1191,5.45
1192,6.38
1193,12.32
1194,8.65
1195,1.21
1196,15.08
1197,4.76
1198,1.5
1199,25.96
1200,13.24
1201,9.74
1202,5.74
1203,1.02
1204,5.38
1205,5.64
1206,96.23
1207,7.11
1208,9.61
1209,1.28
1210,2.48
1211,1333.88
